   0.00000000    
   2.79400009E-03
   5.61599992E-03
   8.23399983E-03
   1.09449998E-02
   1.38459997E-02
   1.66079998E-02
   1.93310007E-02
   2.19209995E-02
   2.42149998E-02
   2.70360000E-02
   3.00830007E-02
   3.27650011E-02
   3.56560014E-02
   3.82299982E-02
   4.11170013E-02
   4.37600017E-02
   4.64579985E-02
   4.92839999E-02
   5.20559996E-02
   5.45339994E-02
   5.74619994E-02
   6.00700006E-02
   6.27340004E-02
   6.57600015E-02
   6.81990013E-02
   7.06460029E-02
   7.38589987E-02
   7.64740035E-02
   7.97059983E-02
   8.24080035E-02
   8.46579969E-02
   8.74369964E-02
   9.01499987E-02
   9.39029977E-02
   9.57780033E-02
   9.86040011E-02
  0.101498000    
  0.104124002    
  0.106559999    
  0.110030003    
  0.112612002    
  0.114600003    
  0.117725000    
  0.121100001    
  0.123492002    
  0.125916004    
  0.128549993    
  0.130971998    
  0.133697003    
  0.137323007    
  0.139676005    
  0.142326996    
  0.145153001    
  0.148073003    
  0.150423005    
  0.153816998    
  0.156479001    
  0.158637002    
  0.161908999    
  0.164514005    
  0.167115003    
  0.170118004    
  0.172832996    
  0.175479993    
  0.178031996    
  0.181635007    
  0.183713004    
  0.186326995    
  0.190118998    
  0.192078993    
  0.194206998    
  0.197567001    
  0.200149000    
  0.202191994    
  0.207185000    
  0.208462000    
  0.211127996    
  0.213146001    
  0.216454998    
  0.219542995    
  0.222182006    
  0.224951997    
  0.227614000    
  0.229396999    
  0.233290002    
  0.235806003    
  0.238472000    
  0.241580993    
  0.244228005    
  0.246423006    
  0.249116004    
  0.253185004    
  0.254954994    
  0.256951988    
  0.259921998    
  0.263635993    
  0.265058994    
  0.268135011    
  0.271093011    
